# Bundle file v0.3
104 3133
1024 0 0
-0.874215 0.485539 -0.000474454
0.000293744 0.00150606 0.999999
0.485539 0.874214 -0.00145924
15.2411 0.308498 6.7556
1024 0 0
-0.323939 0.946078 -0.000896516
0.946078 0.323939 0.000255937
0.000532553 -0.000765266 -1
24.9938 2.15901 -0.144501
1024 0 0
-0.812784 0.582544 -0.00493564
-0.0048742 0.00167181 0.999987
0.582544 0.812798 0.00148062
11.7334 -0.230578 17.3214
1024 0 0
-0.812783 0.582545 -0.00493492
0.582546 0.812797 0.00147985
0.00487317 -0.00167202 -0.999987
11.7334 17.3214 0.23058
1024 0 0
-0.905516 -0.424312 0.000239049
-0.424311 0.905515 0.00162713
-0.000906872 0.00137196 -0.999999
-6.7427 26.3076 -0.0380712
1024 0 0
0.845766 0.533553 0.000904283
-0.00156563 0.000786945 0.999998
0.533551 -0.845766 0.00150092
0.0890045 0.283415 -21.2059
1024 0 0
0.946078 0.323939 0.000256625
-0.000532956 0.00076432 1
0.323939 -0.946078 0.000895752
2.15901 0.144499 -24.9938
3569.01 0 0
-0.765286 -0.64369 -8.91283e-05
-0.440319 0.523397 0.729503
-0.469527 0.558318 -0.683977
-9.862 13.7833 14.9391
1024 0 0
-0.582545 -0.812797 -0.00147976
-0.00487309 0.00167207 0.999987
-0.812784 0.582544 -0.00493489
-17.3214 -0.23058 11.7334
1024 0 0
0.424311 -0.905515 -0.00162665
0.000905843 -0.00137191 0.999999
-0.905516 -0.424312 0.000238138
-26.3076 0.0380708 -6.7427
1024 0 0
-0.485539 -0.874214 0.00145875
0.000293922 0.0015054 0.999999
-0.874215 0.485538 -0.000473978
-6.75559 0.308498 15.2411
1024 0 0
0.465822 0.884877 -0.00191957
-0.00082267 0.00260238 0.999996
0.884878 -0.465818 0.0019402
13.4214 0.252459 -15.2309
1024 0 0
0.552868 0.833269 -0.000348719
-0.000540625 0.000777196 1
0.833268 -0.552868 0.000880172
9.57333 -3.73991 -18.6288
1024 0 0
-0.323939 0.946078 -0.000896251
-0.000532826 0.000764893 1
0.946078 0.323939 0.000256316
24.9938 0.144501 2.15901
1024 0 0
0.754723 -0.656033 0.00369073
-0.00307563 0.00208748 0.999993
-0.656037 -0.754729 -0.00044225
-15.6867 0.168496 -17.1798
1024 0 0
0.656038 0.754728 0.000441819
0.754722 -0.656034 0.00369066
0.0030753 -0.00208776 -0.999993
17.1798 -15.6867 -0.168497
1024 0 0
0.895255 0.445555 -0.000554563
0.00149119 -0.00175159 0.999997
0.445553 -0.895253 -0.00223253
4.26405 0.046868 -26.6172
1024 0 0
-0.884879 0.465818 -0.0019403
-0.000821989 0.00260388 0.999996
0.465821 0.884877 -0.00192122
15.2309 0.252461 13.4214
1024 0 0
-0.445553 0.895253 0.00223125
0.00149111 -0.00175021 0.999997
0.895254 0.445555 -0.000555108
26.6172 0.0468714 4.26405
1024 0 0
-0.842496 -0.5387 -0.00177985
-0.538698 0.842497 -0.00159974
0.0023613 -0.000388973 -0.999997
-13.5945 16.6301 0.117322
1024 0 0
0.909086 0.416608 -0.000890085
-0.000353987 0.00290893 0.999996
0.416609 -0.909081 0.00279194
5.71056 0.191878 -19.2369
1024 0 0
0.416609 -0.909081 0.00279053
-0.000354012 0.00290737 0.999996
-0.909086 -0.416609 0.000889411
-19.2369 0.19188 -5.71056
1024 0 0
0.909086 0.416609 -0.000889854
0.416609 -0.909081 0.00279109
0.000353842 -0.00290806 -0.999996
5.71056 -19.2369 -0.19188
1024 0 0
0.657161 -0.753747 0.00221345
-0.000824591 0.00221766 0.999997
-0.75375 -0.657161 0.000835828
-12.8655 0.207871 -8.51117
1024 0 0
0.75375 0.657161 -0.0008355
-0.000824906 0.00221752 0.999997
0.657161 -0.753747 0.00221355
8.51117 0.207871 -12.8655
1024 0 0
-0.75375 -0.657161 0.0008355
-0.000824906 0.00221752 0.999997
-0.657161 0.753747 -0.00221355
-8.51117 0.207873 12.8655
1024 0 0
0.410666 -0.911784 0.00167356
-0.00180407 0.00102293 0.999998
-0.911784 -0.410668 -0.00122484
-13.9192 -0.0680351 -8.84451
1024 0 0
-0.909086 -0.416608 0.000890085
-0.000353987 0.00290893 0.999996
-0.416609 0.909081 -0.00279194
-5.71056 0.191883 19.2369
1024 0 0
-0.911784 -0.410667 -0.00122415
-0.00180391 0.00102426 0.999998
-0.410665 0.911785 -0.00167471
-8.84451 -0.0680332 13.9192
1024 0 0
-0.416609 0.909081 -0.00279053
-0.000354012 0.00290737 0.999996
0.909086 0.416609 -0.000889411
19.2369 0.191881 5.71056
1024 0 0
-0.833268 0.552869 -0.000879351
-0.000539622 0.000777221 1
0.552869 0.833268 -0.000349293
18.6288 -3.73991 9.57333
1024 0 0
0.465821 0.884877 -0.00191992
0.884879 -0.465818 0.0019409
0.000823125 -0.00260301 -0.999996
13.4214 -15.2309 -0.25246
1024 0 0
0.884879 -0.465818 0.0019403
-0.000821989 0.00260388 0.999996
-0.465821 -0.884877 0.00192122
-15.2309 0.25246 -13.4214
1024 0 0
0.657161 -0.753747 0.00221275
-0.75375 -0.657161 0.000836018
0.000823983 -0.00221726 -0.999997
-12.8655 -8.51117 -0.207872
1024 0 0
-0.533551 0.845767 -0.001501
-0.0015652 0.000787313 0.999998
0.845766 0.533553 0.000903719
21.2059 0.283417 0.0890036
1024 0 0
0.538697 -0.842498 0.00160064
-0.00236133 0.000390021 0.999997
-0.842496 -0.538699 -0.00177932
-16.6301 -0.117323 -13.5945
1024 0 0
-0.410666 0.911784 -0.00167356
-0.00180407 0.00102293 0.999998
0.911784 0.410668 0.00122484
13.9192 -0.068033 8.84452
2878.03 0 0
-0.989426 -0.143939 0.0178055
-0.12854 0.927122 0.352025
-0.0671781 0.346015 -0.935821
2.61263 23.3173 8.86546
1024 0 0
0.323939 -0.946078 0.000896251
-0.000532826 0.000764893 1
-0.946078 -0.323939 -0.000256316
-24.9938 0.144501 -2.15902
3076.33 0 0
-0.388973 0.921235 -0.00513714
0.313259 0.137507 0.93966
0.866354 0.363893 -0.342072
17.3251 1.64511 3.8437
3056.88 0 0
-0.387976 0.921654 -0.00539862
0.312801 0.137181 0.93986
0.866966 0.362954 -0.341517
17.3383 1.63647 3.86921
2616.9 0 0
-0.235126 0.971738 -0.0209987
0.0578867 0.035566 0.997689
0.97024 0.233367 -0.0646132
15.8173 0.52848 1.8198
2399.36 0 0
-0.245556 0.969175 -0.0200557
0.0499913 0.0333223 0.998194
0.968092 0.24411 -0.0566328
15.7473 0.460825 2.59615
1024 0 0
0.656037 0.754729 0.000441211
-0.00307452 0.00208789 0.999993
0.754722 -0.656034 0.00369016
17.1798 0.168495 -15.6867
2251.43 0 0
-0.255832 0.966469 -0.0220713
0.0520118 0.0365588 0.997977
0.965321 0.254167 -0.0596208
15.6998 0.711944 3.18294
2222.01 0 0
-0.258696 0.965707 -0.022057
0.0535992 0.0371499 0.997871
0.964471 0.256963 -0.0613717
15.675 0.727406 3.31396
1024 0 0
0.812784 -0.582545 0.00493429
-0.00487285 0.00167138 0.999987
-0.582545 -0.812797 -0.00148019
-11.7334 -0.230582 -17.3214
5889.26 0 0
-0.212023 0.977261 -0.00281229
0.0076185 0.00453051 0.999961
0.977235 0.211993 -0.00840584
15.797 0.00392536 3.68182
2293.88 0 0
-0.256701 0.966252 -0.0214795
0.0586677 0.0377615 0.997563
0.964709 0.254815 -0.0663813
15.6718 0.621064 3.11436
2362.45 0 0
-0.257589 0.966012 -0.0216336
0.06443 0.0395111 0.99714
0.964104 0.255459 -0.0724178
15.6515 0.651262 2.97732
3042.15 0 0
-0.356022 0.934474 -0.00252339
0.0612478 0.0260289 0.997783
0.932468 0.355078 -0.0665013
17.5079 0.498589 3.80943
1024 0 0
-0.842496 -0.5387 -0.00177911
-0.00236092 0.000389744 0.999997
-0.538698 0.842498 -0.00160018
-13.5945 -0.117321 16.6301
2668.6 0 0
-0.349754 0.936841 -0.00142932
0.0566728 0.0226807 0.998135
0.935126 0.349021 -0.061026
17.5774 0.413428 4.53166
2740.33 0 0
-0.277585 0.960497 -0.0197928
0.0539968 0.0361684 0.997886
0.959182 0.27593 -0.0619036
18.6179 0.697628 3.13638
3511.67 0 0
-0.274264 0.961398 -0.0222143
0.0740522 0.0441456 0.996277
0.958799 0.271598 -0.0833012
18.6564 0.939859 1.40854
2886.05 0 0
-0.285584 0.957553 0.0391698
0.548569 0.12982 0.825965
0.785821 0.25737 -0.562358
15.4656 0.922111 2.70475
1024 0 0
0.582545 0.812797 0.00147976
-0.00487309 0.00167207 0.999987
0.812784 -0.582544 0.00493489
17.3214 -0.230581 -11.7334
2934.26 0 0
-0.286248 0.958154 -0.00194294
0.0612297 0.0203159 0.997917
0.956197 0.285533 -0.0644828
19.9083 0.471154 3.03449
2649.86 0 0
-0.282729 0.959197 -0.00218804
0.0671329 0.0220632 0.9975
0.956848 0.281875 -0.0706316
19.9439 0.527183 3.60429
3366.59 0 0
-0.254943 0.966609 -0.0259207
0.10939 0.0554653 0.99245
0.960749 0.250182 -0.119878
21.3502 1.36087 1.60716
3091.6 0 0
-0.275868 0.960907 -0.0235418
0.0743726 0.0457577 0.99618
0.958314 0.273064 -0.0840883
21.1598 1.03051 2.47934
1024 0 0
-0.657162 0.753746 -0.00221216
-0.000823305 0.00221708 0.999997
0.753749 0.657162 -0.000836415
12.8655 0.207873 8.51117
5794.51 0 0
-0.331696 0.943224 0.0174774
0.291873 0.0849881 0.952674
0.8971 0.321099 -0.303492
16.8226 0.791902 3.06343
3748.77 0 0
-0.27948 0.960084 -0.0113952
0.032675 0.0213716 0.999238
0.959595 0.278895 -0.0373436
18.3123 0.413473 3.10864
3011.84 0 0
-0.257892 0.966142 -0.00777187
0.0388803 0.0184151 0.999074
0.965391 0.257351 -0.042313
18.2477 0.645028 2.1133
2953.16 0 0
-0.258409 0.96599 -0.00937236
0.0324242 0.0183693 0.999305
0.965491 0.257926 -0.0360683
18.2061 0.614813 2.24721
2979.9 0 0
-0.235382 0.971903 -0.000639729
0.037039 0.00962812 0.999267
0.971197 0.235186 -0.0382646
19.2869 0.493293 1.74198
2843.37 0 0
-0.230918 0.972968 -0.00325866
0.0240899 0.00906543 0.999669
0.972675 0.230763 -0.025532
19.2761 0.443996 1.90738
2610.48 0 0
-0.160313 0.986901 -0.0180676
0.0266668 0.022628 0.999388
0.986706 0.159733 -0.0299451
20.2016 0.665525 1.00152
2802.33 0 0
-0.155648 0.987624 -0.0193113
0.0390984 0.0256937 0.998905
0.987039 0.154722 -0.0426137
20.2326 0.769214 0.538333
2876.04 0 0
-0.205536 0.978568 -0.0126179
0.0844658 0.0305831 0.995957
0.974998 0.203639 -0.0889415
21.3702 1.03681 1.64313
4744.45 0 0
-0.174827 0.984508 -0.0133898
0.116901 0.0342583 0.992552
0.977635 0.17196 -0.12108
21.5929 1.22249 -2.84411
3079.73 0 0
0.0879004 0.996123 -0.00366795
0.064015 -0.00197417 0.997947
0.99407 -0.0879547 -0.0639403
21.6815 0.188586 -5.48205
2857.84 0 0
0.0961239 0.995368 -0.00147614
0.033165 -0.0017206 0.999448
0.994817 -0.0961198 -0.0331768
21.697 0.0882996 -5.33752
2768.4 0 0
0.0675869 0.997712 -0.00189557
0.0633612 -0.00239612 0.997988
0.995699 -0.067571 -0.0633782
21.8195 -0.146152 -4.50407
2758.95 0 0
0.0682054 0.997669 -0.00228192
0.0633921 -0.00205114 0.997987
0.995655 -0.0682127 -0.0633842
21.822 -0.139995 -4.49426
2900.13 0 0
-0.28555 0.958341 -0.00656765
0.32486 0.103239 0.940111
0.901625 0.266315 -0.340806
18.9282 1.01424 2.57529
2907.49 0 0
-0.284832 0.958553 -0.00680809
0.324583 0.103127 0.940218
0.901951 0.265595 -0.340504
18.9351 1.0128 2.51806
2977.8 0 0
-0.146808 0.989107 -0.0107029
0.349906 0.0620493 0.934728
0.92521 0.133481 -0.355204
20.8889 0.258843 -0.0601454
2981.54 0 0
-0.147005 0.989066 -0.0117022
0.351072 0.0632332 0.934211
0.924737 0.133226 -0.356529
20.8874 0.286577 -0.055097
2988.33 0 0
-0.173344 0.984848 -0.00503044
0.359504 0.0680304 0.93066
0.916902 0.159516 -0.36585
22.0639 0.382614 0.463293
3082.72 0 0
-0.168802 0.985618 -0.00797413
0.358562 0.068941 0.930957
0.918117 0.154288 -0.365042
22.1067 0.397583 0.102777
2933.05 0 0
-0.297032 0.954803 0.0110774
0.28073 0.0762328 0.956755
0.912668 0.287296 -0.290685
19.6398 0.723893 3.31624
2169.47 0 0
-0.333578 0.942651 -0.0115667
0.0368874 0.0253115 0.998999
0.942 0.332818 -0.0432154
19.5179 -0.0363431 8.02701
1024 0 0
0.905516 0.424313 -0.00023905
0.000906685 -0.00137155 0.999999
0.424312 -0.905515 -0.00162668
6.7427 0.038068 -26.3076
2304.81 0 0
-0.330221 0.943903 0.000976085
0.0434986 0.0141848 0.998953
0.942901 0.329917 -0.0457426
19.5512 -0.242982 7.83653
1024 0 0
0.485539 0.874214 -0.00145875
0.000293922 0.0015054 0.999999
0.874215 -0.485538 0.000473978
6.75559 0.308496 -15.2411
2995.42 0 0
-0.275498 0.961292 0.00438919
0.347276 0.0952665 0.932912
0.896382 0.258539 -0.360079
19.9273 1.60717 5.76941
1024 0 0
-0.49617 0.868226 0
-0 2.22045e-16 1
0.868226 0.49617 2.22045e-16
15.2379 0.219838 1.85501
4338.33 0 0
-0.277332 0.960759 0.0053953
0.340986 0.0931756 0.935439
0.898229 0.261267 -0.353446
19.9109 1.53685 5.99364
3067.5 0 0
-0.977918 -0.208169 0.0184974
-0.0952201 0.522602 0.847243
-0.186036 0.826773 -0.530883
1.09807 12.2802 19.5012
1024 0 0
0.49617 -0.868226 0
-0 2.22045e-16 1
-0.868226 -0.49617 2.22045e-16
-15.2379 0.219838 -1.855
4406.53 0 0
-0.260023 0.965597 0.00320071
0.384486 0.100495 0.917645
0.885753 0.239839 -0.397389
20.036 1.72719 5.53329
4320.89 0 0
-0.276658 0.960933 0.00822697
0.669659 0.186644 0.718833
0.689215 0.20438 -0.695135
19.9483 3.68212 4.97695
1024 0 0
-0.868226 -0.496168 0
-0 2.22045e-16 1
-0.496168 0.868226 2.22045e-16
-1.855 0.219839 15.2379
4396.47 0 0
-0.276442 0.960998 0.00791221
0.67005 0.186833 0.718419
0.688921 0.203903 -0.695565
19.9538 3.69133 4.8794
5695.86 0 0
-0.0851051 0.996263 -0.0147555
0.657324 0.0672685 0.7506
0.748787 0.0541808 -0.660592
20.1198 1.23225 2.25501
1024 0 0
0.533551 -0.845767 0.001501
-0.0015652 0.000787313 0.999998
-0.845766 -0.533553 -0.000903719
-21.2059 0.283417 -0.0890045
6401.1 0 0
-0.396755 0.916963 0.0420095
0.646073 0.24645 0.722393
0.652054 0.313754 -0.690205
19.6427 4.99457 7.39808
1024 0 0
-0.895255 -0.445554 0.000554839
-0.445552 0.895253 0.00223193
-0.00149117 0.00175093 -0.999997
-4.26405 26.6172 -0.0468711
1024 0 0
-0.465822 -0.884877 0.00191957
-0.00082267 0.00260238 0.999996
-0.884878 0.465818 -0.0019402
-13.4214 0.252462 15.2309
1024 0 0
-0.845766 -0.533553 -0.000904283
-0.00156563 0.000786945 0.999998
-0.533551 0.845766 -0.00150092
-0.0890045 0.28342 21.2059
5839 0 0
-0.0853249 0.996323 -0.00771926
0.641097 0.0608308 0.765045
0.762702 0.0603286 -0.64393
20.0915 0.989964 2.26816
3846.63 0 0
-0.976899 -0.213698 -0.000677498
-0.136502 0.621558 0.771384
-0.164422 0.753657 -0.63637
0.65208 14.2513 17.1685
-3.02903 -22.0733 2.37922
51 42 68
26 34 3694 300.227 190.282 29 8122 71.8374 412.427 2 7173 569.031 914.299 63 8377 -1283.34 1377.26 65 10835 -1077.88 1140.12 66 11473 -668.136 1170.72 67 11122 -690.38 1171.08 68 10741 -531.621 1151.5 69 10676 -534.564 1155.53 75 8587 -177.73 932.414 58 11333 -174.287 1030.56 57 11520 -174.179 1027.32 54 8297 -816.212 963.531 53 8078 -816.574 962.752 52 10142 -891.086 918.125 40 9356 -745.251 -41.6005 39 9394 -745.715 -41.4128 76 7915 -582.364 -3.34105 77 7914 -580.627 -2.52085 78 7819 -234.041 23.1744 78 8021 -230.41 21.4848 80 10732 379.355 0.489687 81 10893 378.193 1.38943 82 7861 -228.706 211.292 89 8274 -581.762 876.033 92 8821 -628.744 684.37
-3.10094 -21.763 1.5862
140 120 60
35 34 2641 323.787 134.934 11 5740 -949.886 232.447 29 7714 124.005 286.045 2 7191 738.256 628.802 63 8264 -1085.83 896.025 64 10060 -915.083 792.315 65 10622 -933.943 787.809 66 11022 -524.8 814.325 67 10678 -546.281 814.418 68 10320 -377.024 788.317 69 10229 -379.614 791.697 70 10057 338.019 822.128 73 8206 -114.408 723.811 60 10687 504.236 658.004 59 10762 514.882 674.231 58 10888 -26.3228 676.731 57 11065 -26.8957 673.966 54 7830 -670.626 617.934 53 7611 -670.679 616.745 52 9920 -763.209 588.357 50 9568 -763.396 585.499 40 9167 -642.833 -346.365 39 9210 -643.07 -345.881 76 7682 -462.672 -324.07 77 7690 -461.095 -321.983 78 7579 -90.8058 -320.76 79 7629 -92.0064 -321.317 80 10520 542.996 -339.37 81 10674 541.655 -335.736 82 7436 -92.3826 -130.952 83 10715 20.1151 868.26 85 9919 34.6764 884.915 87 11164 -122.033 -56.6301 89 8234 -182.31 -89.681 92 8788 -236.742 -280.3
-3.13806 -21.8759 1.59833
81 71 73
12 34 2640 317.254 135.605 11 6100 -966.071 234.557 29 8166 108.107 285.337 2 7192 684.964 602.534 58 11168 -70.4376 662.834 57 11352 -71.1186 660.749 53 7920 -714.902 604.151 76 7972 -505.13 -336.524 77 7964 -503.412 -334.603 82 7707 -136.589 -143.202 83 10714 -75.4856 846.907 87 11273 -211.65 -74.3517
-3.15328 -21.5668 1.43533
131 94 39
15 34 976 337.887 123.895 11 5242 -915.797 210.024 30 3490 941.449 -234.213 70 10343 423.634 741.745 71 10042 423.384 741.815 72 8988 -44.4021 660.536 73 8611 -42.6354 642.528 74 8540 28.4292 499.82 60 10969 591.275 581.176 59 11048 604.409 595.932 58 11178 59.6085 598.509 57 11362 58.6493 596.481 76 7980 -385.846 -396.983 77 7972 -384.665 -394.407 80 10793 628.287 -417.173
-3.19505 -21.7225 1.14499
140 83 63
5 29 7085 136.134 210.561 2 7201 777.991 416.592 11 4488 -937.185 173.117 58 10924 3.57636 458.927 57 11106 2.72781 457.371
-2.97219 -21.7208 1.06066
220 194 56
6 34 2685 323.65 98.0604 11 5767 -950.657 166.168 29 7749 122.881 201.749 78 7899 -95.5043 -564.874 79 7669 -96.296 -567.366 82 7733 -101.954 -377.515
-3.06963 -21.9153 0.998542
220 201 94
33 29 8194 98.2341 188.088 2 7207 653.597 334.146 11 6134 -976.261 160.155 63 8297 -1179.49 523.194 64 10324 -987.107 516.652 65 10902 -1007.65 512.966 66 11351 -598.194 538.93 67 10995 -618.21 539.868 68 10784 -446.932 508.784 69 10721 -450.129 511.099 70 10560 267.139 537.519 71 10261 266.849 537.55 72 9224 -190.44 475.098 73 8632 -183.239 462.049 74 8559 -109.729 318.028 75 8657 -110.473 317.812 75 8926 -110.814 318.209 60 11170 441.354 376.404 59 11239 451.97 386.481 57 11574 -99.9742 393.974 54 8346 -742.063 342.3 53 7945 -739.512 341.471 52 10196 -834.424 323.815 50 9824 -834.387 322.524 40 9416 -725.505 -603.439 39 9457 -725.526 -603.351 80 10958 490.411 -618.012 81 11105 489.111 -613.811 82 7743 -170.738 -411.966 83 10738 -125.94 288.999 83 10783 -127.072 289.674 85 9947 -118.126 304.917 87 11302 -280.766 -616.139
-2.02353 -23.0293 -0.02331
158 133 69
3 29 8485 -154.074 20.6842 2 7215 -14.3948 -113.74 17 7648 815.864 23.2089
-2.02353 -23.0293 -0.02331
158 133 69
3 29 8484 -154.074 20.6842 2 7216 -14.3948 -113.74 17 7647 815.864 23.2089
-2.72508 -22.8433 -0.404416
58 47 34
4 30 3803 773.136 -387.891 2 7220 232.527 -238.918 17 7890 888.756 -25.964 34 4558 237.033 -9.1311
-3.16082 -21.6943 1.35821
208 196 96
25 34 3745 330.854 118.092 11 6119 -933.546 200.558 29 8180 139.214 247.512 2 7242 787.198 526.416 63 8411 -1029.37 747.093 64 10463 -873.862 678.353 65 11056 -892.656 676.276 66 11515 -483.397 699.942 67 11156 -504.046 700.317 68 10777 -331.736 669.991 69 10712 -334.14 673.268 58 11374 18.2521 559.667 57 11565 17.4548 557.633 54 8334 -627.991 506.213 53 8119 -628.261 505.477 52 10327 -726.234 480.866 50 9953 -726.503 479.307 40 9522 -612.246 -447.612 39 9559 -612.539 -447.644 76 8147 -426.805 -432.65 77 8136 -425.383 -430.413 82 7894 -50.3002 -246.813 83 10771 113.412 637.638 85 9986 125.13 650.737 87 11347 -38.3803 -277.685
-3.11079 -21.8855 1.16075
89 77 75
23 11 6356 -969.894 179.511 29 8455 105.001 213.272 2 7288 676.252 407.722 34 4467 315.07 103.651 66 11632 -580.764 607.258 67 11270 -601.358 607.526 68 10877 -429.182 578.12 69 10826 -432.248 580.732 70 10675 284.751 607.514 71 10373 284.51 607.53 72 9397 -170.392 541.615 75 9081 -93.5016 383.405 59 11347 468.151 458.13 58 11469 -80.5873 465.044 57 11677 -80.8927 463.414 53 8247 -723.47 409.901 76 8242 -524.244 -524.444 77 8228 -522.433 -521.884 78 8167 -145.124 -528.337 79 8223 -146.243 -530.928 82 7998 -151.36 -341.257 85 10011 -83.5181 452.58 92 8878 -428.124 -912.822
-3.1659 -21.8523 0.824477
210 187 73
4 29 8466 113.396 157.101 2 7292 705.297 256.755 34 3767 317.921 78.2132 11 6135 -965.271 132.459
-2.7125 -22.7158 0.825083
192 173 76
2 88 6483 -273.756 91.4479 2 7293 264.009 214.294
-2.83038 -22.5276 0.608887
94 72 34
3 88 6749 -254.412 74.0208 2 7322 352.699 137.415 34 5468 261.468 61.6522
-3.14945 -22.0246 0.921859
181 169 100
2 2 7327 618.658 284.454 88 6923 -200.779 97.7199
5.58388 -23.2619 3.10993
126 114 138
3 1 7310 372.685 -29.077 17 347 -121.804 738.482 4 5210 -620.709 924.306
5.16844 -23.481 2.99779
79 73 77
3 1 8563 362.489 -182.615 17 492 -58.2898 657.402 4 6414 -486.615 950.981
7.31702 -25.1697 3.13933
184 191 173
7 1 8292 -374.62 291.55 4 5831 -855.348 132.047 99 5147 125.661 262.602 17 526 -556.942 624.173 103 8411 -865.022 20.8933 37 8608 -836.771 127.988 7 6645 561.056 -245.014
4.70265 -22.6367 2.48859
75 64 84
3 1 7480 804.751 -283.05 16 441 -388.257 621.635 17 543 120.947 619.195
6.64916 -25.8914 3.24576
204 204 186
4 4 7836 -548.143 13.0448 17 651 -433.786 548.521 99 7301 404.317 147.488 1 9199 -503.471 19.0276
6.75199 -25.9974 3.19745
204 206 183
6 4 7476 -571.051 -29.7606 17 731 -453.357 536.576 99 6232 395.743 105.694 1 9180 -552.341 38.2571 37 9153 -217.357 -425.486 7 7263 1233.37 -336.818
4.79681 -25.3904 3.08659
229 230 224
5 1 9358 -185.521 -488.732 4 6678 -102.625 415.515 99 6073 885.547 563.693 17 796 -125.319 489.921 103 9224 1133.63 158.361
4.62486 -25.5713 2.9992
231 232 235
4 1 9376 -228.657 -572.205 17 863 -112.827 462.473 99 4996 990.277 551.755 4 5645 -26.7713 397.392
5.94025 -26.7522 2.99701
101 98 92
3 99 7318 772.912 8.6889 17 923 -340.757 433.584 1 9750 -736.272 -290.922
5.15419 -26.0757 2.85277
216 219 187
3 1 9781 -464.66 -485.985 4 7416 -121.302 179.218 17 927 -207.141 429.151
5.88689 -27.1761 2.77851
184 193 177
3 27 1121 33.427 373.671 1 9323 -927.964 -379.178 17 1036 -341.885 383.516
8.26946 -26.7186 1.88236
110 110 115
2 99 7085 122.501 -506.33 17 1097 -728.246 330.799
4.76578 -27.4728 1.36602
103 103 95
2 4 8407 424.194 -417.424 17 1413 -210.279 182.188
-1.49233 -23.9583 1.34269
249 243 189
2 29 4138 -350.211 266.692 17 1438 650.937 185.185
-1.73941 -23.9474 0.775856
212 191 83
2 29 4361 -317.005 157.609 17 1579 669.821 115.087
-1.78129 -23.8747 0.783474
235 231 132
2 29 4363 -302.096 158.316 17 1580 681.952 117.299
-1.80994 -23.9832 0.407999
213 196 67
2 29 6128 -313.207 91.7902 17 1659 670.43 70.892
-1.85909 -23.9606 0.584253
213 192 82
2 29 6107 -304.329 121.782 17 1661 676.489 91.3843
6.01517 -23.7843 0.0325613
210 221 231
2 27 1717 -265.989 35.2375 17 1691 -248.678 43.184
-1.83318 -23.9079 -0.407477
170 139 48
2 29 4613 -299.887 -49.1577 17 1926 681.756 -25.8448
-1.81405 -24.037 -0.615059
191 171 59
2 29 4661 -319.587 -84.302 17 1990 664.563 -50.5197
-1.86753 -23.8466 -0.614688
112 75 52
2 29 4664 -287.45 -84.713 17 1992 691.98 -51.0461
3.62347 -24.5186 -0.832833
155 160 132
3 34 1442 -151.594 -58.5057 17 2105 94.8384 -100.753 94 1597 934.505 -80.4286
7.1708 -25.0228 3.22208
83 80 87
4 27 773 -284.305 525.785 1 9119 -308.413 256.833 99 6824 143.659 316.59 17 3369 -526.72 646.875
7.16804 -25.0704 3.2096
53 49 66
3 1 8325 -323.11 252.73 17 3399 -526.179 639.682 27 775 -278.385 520.334
6.81913 -25.1922 3.01107
196 199 189
3 1 7145 -343.504 147.163 99 5122 281.085 339.144 17 3484 -455.714 572.539
5.91845 -26.524 3.02907
96 92 97
3 99 7559 738.363 78.4653 17 3623 -330.549 450.886 4 7854 -279.619 -71.4451
6.79721 -27.0381 2.91862
195 204 199
5 27 1118 -78.3302 380.269 17 3657 -470.834 431.225 1 9224 -940.774 -56.3096 103 9468 -132.542 -765.936 7 7329 1563.05 -827.748
6.38126 -27.0831 2.9827
150 168 157
3 27 3599 -30.2993 394.285 1 9722 -890.936 -190.459 17 3661 -409.66 427.12
6.1846 -27.1096 2.94531
205 211 199
3 94 913 560.444 284.549 1 9741 -888.625 -257.396 17 3662 -381.981 416.254
6.20629 -27.1474 2.87446
202 212 211
5 94 912 558.73 276.653 25 1057 407.045 265.154 1 9740 -924.461 -260.901 17 3705 -385.536 405.242 27 1119 -5.74225 381.188
6.11316 -27.1741 2.76038
199 210 204
5 94 914 568.546 267.083 27 3637 6.98022 366.901 1 10039 -959.229 -305.063 17 3707 -372.68 386.522 25 1058 416.882 256.262
4.35771 -26.9263 1.86084
218 219 197
3 94 1033 767.544 205.597 4 8292 388.847 41.7946 17 3911 -142.122 249.98
4.30919 -27.0449 1.52523
139 139 137
3 94 2967 771.407 170.883 4 8393 530.352 -5.20154 17 3963 -141.128 205.808
-1.57909 -23.9644 1.19381
245 238 151
3 29 5961 -339.974 236.059 30 1027 608.409 -232.605 17 4017 656.719 166.24
-2.80804 -22.6116 1.06496
135 103 60
3 29 4256 -25.524 194.753 30 1038 801.277 -254.313 17 4028 931.685 163.424
0.852521 -23.5244 0.581341
200 191 131
3 29 7745 -774.159 217.479 17 4104 514.965 113.213 61 1318 -881.019 119.543
4.50637 -27.5514 0.201485
229 235 243
4 94 3122 741.199 37.8455 17 4159 -183.929 44.4525 25 3595 584.334 33.4489 27 6345 222.513 41.3857
3.64121 -24.5793 0.0770615
215 217 190
2 34 1166 -157.041 34.7456 17 4161 86.3429 40.3932
-1.83052 -24.064 0.166608
210 186 51
3 29 6165 -321.84 49.6151 30 1137 610.865 -319.4 17 4169 662.219 41.4034
5.38619 -23.0097 -0.0424412
219 228 237
2 94 1412 674.9 24.6729 27 4041 -266.408 20.9426
-1.8458 -24.0149 0.0588677
226 205 53
4 29 7181 -313.235 30.7259 30 1200 616.082 -330.21 17 4212 669.077 29.2555 34 1266 134.832 24.3379
6.27095 -25.4381 -0.26591
67 59 77
3 27 4062 -127.651 -23.2792 17 4234 -359.7 -14.4991 25 1564 340.48 -11.6764
3.60278 -24.4921 -0.416803
215 220 197
3 94 3216 939.44 -27.0853 34 2923 -147.433 -15.3528 17 4273 98.8832 -35.5735
0.579437 -21.7034 -1.39849
138 126 103
3 29 7931 -268.04 -463.748 17 4543 858.104 -224.094 61 2087 -745.474 -238.53
5.19704 -23.4489 3.00233
105 103 99
3 4 7188 -498.981 955.686 17 5151 -61.1493 664.364 1 9273 368.356 -170.174
-2.75222 -22.8222 3.58372
109 69 48
10 88 807 -277.862 327.887 30 2171 775.166 -15.4653 17 5276 892.949 479.888 52 8686 -1221.86 1415.12 50 8353 -1223.43 1414.3 50 9022 -1224 1414.9 40 8084 -1010.41 382.685 39 8129 -1010.68 382.745 76 6265 -882.514 453.745 77 6289 -880.299 453.158
5.66185 -26.7587 2.85708
114 107 115
4 94 2802 616.716 292.569 99 7719 896.297 50.8674 17 5311 -300.849 408.117 1 10050 -743.331 -395.916
4.11427 -25.9057 2.76883
239 241 243
3 1 10262 -300.63 -829.093 17 5313 -64.5242 397.584 4 7781 188.156 398.088
6.17211 -27.1928 2.71328
148 164 172
4 27 5175 1.95288 359.19 25 1118 411.933 250.805 17 5335 -381.437 380.647 94 915 560.277 261.449
8.20755 -26.7338 1.86752
156 168 144
2 99 7086 155.022 -503.13 17 5369 -713.931 326.283
5.63845 -26.9386 1.91626
57 47 98
3 25 1239 450.249 189.851 17 5417 -303.121 275.209 27 3738 54.6448 272.441
3.65604 -24.7654 1.30513
240 242 237
2 34 2587 -172.498 160.564 17 5461 68.7772 223.977
-1.48085 -24.0096 1.37777
234 223 93
4 29 7040 -359.413 272.292 30 972 599.642 -215.368 17 5501 644.568 189.271 61 1197 -520.724 185.981
6.85734 -27.0058 -0.0884438
109 85 72
3 94 1408 492.629 10.4568 17 5598 -480.318 11.8564 25 1503 347.269 6.6391
3.68483 -24.7852 0.00184883
227 228 219
3 94 1417 914.435 28.9327 34 1251 -176.364 26.4545 17 5601 64.4103 27.439
-1.90127 -23.8959 -0.454895
220 186 30
2 30 2409 629.398 -378.765 17 5629 688.037 -31.2673
-1.99968 -23.0057 -0.420626
64 25 33
3 29 6243 -152.082 -52.752 30 1297 723.474 -399.572 17 5630 819.586 -29.9962
3.24761 -22.7952 -0.464668
125 121 120
3 88 4860 -951.368 -39.3097 34 1371 21.3135 -21.811 17 5652 340.29 -52.7731
7.3503 -25.4964 2.76688
183 198 180
3 94 839 428.543 288.867 25 1048 247.567 267.702 17 6299 -564.696 527.473
-2.62052 -23.2337 4.01002
72 55 49
4 34 568 208.504 301.578 17 6305 822.47 514.674 30 2149 725.271 23.1418 76 6995 -1038.69 603.872
-2.7067 -23.3009 3.71208
77 57 48
3 30 2927 722.33 -4.26331 17 6343 818.209 471.814 34 637 206.062 280.215
6.53854 -27.1232 2.83737
168 185 178
3 94 909 523.65 270.458 27 5173 -43.886 370.317 17 6364 -433.163 409.648
6.42112 -27.1618 2.80823
183 195 192
3 94 2843 535.89 267.863 27 6166 -28.4586 367.344 17 6365 -416.747 401.3
6.08016 -27.1656 2.93662
184 196 170
3 94 4028 572.34 284.284 1 10226 -898.032 -296.316 17 6367 -366.619 409.911
6.08131 -27.1925 2.68354
108 121 140
4 94 2845 571.108 260.125 27 5176 11.9946 357.047 17 6392 -369.683 374.686 25 1120 420.294 249.288
5.89387 -27.2103 2.58859
162 180 189
3 27 6183 34.599 347.089 25 4745 437.961 243.516 17 6393 -344.658 357.231
5.83096 -27.2582 2.53545
165 178 186
4 94 2883 596.802 248.282 27 5204 45.8395 338.738 17 6412 -336.477 348.398 25 1121 443.567 239.217
-2.85767 -22.4948 1.60801
239 221 89
3 34 900 265.361 134.792 17 6474 953.038 235.69 88 1260 -249.768 159.273
-1.61083 -24.0325 1.14643
227 205 29
3 34 968 126.608 102.395 17 6516 650.245 159.477 30 2302 603.099 -235.695
-2.67854 -22.9639 0.86744
145 124 53
3 34 1058 228.138 81.2208 29 7773 -86.035 160.637 17 6520 867.77 134.56
3.27965 -22.918 0.259448
88 79 84
3 88 3516 -965.435 72.1332 34 1176 7.93262 57.7698 17 6546 317.42 86.9814
3.22115 -22.7559 0.268738
159 164 128
4 88 3520 -944.312 73.395 34 1177 27.2168 58.8226 17 6547 349.925 89.9538 16 4515 -637.077 77.9568
5.0582 -27.4178 0.2239
79 72 103
3 27 6343 146.577 43.9438 25 3593 523.705 34.2599 17 6563 -243.425 47.9495
5.0582 -27.4178 0.2239
79 72 103
3 27 6344 146.577 43.9438 25 3594 523.705 34.2599 17 6564 -243.425 47.9495
-2.79701 -22.7985 0.236933
102 66 28
3 34 1183 243.199 36.2462 30 2382 779.979 -328.388 17 6577 900.151 54.7072
5.05581 -27.4242 0.00272607
109 99 107
5 94 4245 679.814 19.498 27 6921 147.163 15.0464 17 6587 -243.103 21.5641 0 908 -172.792 18.9418 25 5733 524.307 14.2205
3.63392 -24.7299 -0.1318
184 188 143
2 34 2854 -168.27 14.2697 17 6597 75.043 7.14178
3.25593 -22.8454 -0.115953
141 142 133
3 88 3601 -956.234 14.7961 34 2863 15.8334 16.6993 17 6600 331.665 14.8749
3.25593 -22.8454 -0.115953
141 142 133
3 88 3602 -956.234 14.7961 34 2862 15.8334 16.6993 17 6601 331.665 14.8749
3.26315 -22.8642 -0.182091
111 103 105
3 88 1539 -958.792 6.2392 34 2864 13.9099 9.28442 17 6602 327.764 0.827942
-1.93864 -23.7661 0.0531624
224 188 29
3 34 1270 154.354 22.8785 30 3083 643.815 -335.515 17 6607 706.586 29.5687
3.61477 -24.529 -0.280682
221 223 210
3 94 4277 935.996 -8.81067 34 3887 -151.08 -1.87793 17 6618 93.9921 -14.2877
3.47492 -24.019 -0.247088
192 194 165
3 34 2858 -100.362 1.19696 16 6478 -955.489 -43.0493 17 6622 159.326 -11.3979
6.59793 -25.3752 -0.528375
56 48 53
3 94 3239 508.543 -32.199 17 6633 -416.679 -59.7858 27 5522 -176.973 -63.6128
3.40239 -23.7721 -0.421981
149 160 142
4 94 4285 1008.3 -31.705 34 2928 -74.512 -16.8003 16 6224 -880.325 -86.4426 17 6639 195.13 -40.4286
6.2741 -25.4436 -0.594457
56 43 75
5 94 3244 546.64 -39.8326 27 5524 -127.85 -75.9028 25 3716 340.903 -42.3882 17 6659 -360.338 -68.1884 28 2003 -355.532 -60.5149
6.07587 -25.4907 -0.645985
52 46 66
3 27 6948 -97.4786 -84.7183 25 3717 362.686 -48.6936 17 6660 -327.947 -75.3085
3.66487 -24.7628 -0.692618
191 196 169
3 94 4318 918.525 -60.6637 34 2975 -173.148 -43.9427 17 6664 68.9827 -76.3129
3.25209 -22.8343 -0.56515
168 174 135
3 88 3673 -954.762 -53.8336 34 2987 17.1655 -32.8441 17 6673 334.081 -72.6393
6.54759 -25.3796 -0.760175
90 84 70
3 94 3242 514.722 -56.593 25 1635 313.289 -58.2009 17 6683 -407.706 -98.9319
5.99389 -24.6199 3.18761
82 76 96
3 94 3939 578.868 381.425 25 4645 335.953 354.641 17 7045 -283.803 619.636
-2.62552 -23.3241 4.08358
120 87 35
7 34 2454 202.59 307.405 30 3433 716.44 29.3088 17 7073 809.76 517.767 40 9302 -1179.94 543.971 39 9339 -1180.28 544.142 76 7864 -1070.66 636.58 77 7867 -1068.5 635.349
-2.74777 -22.8744 3.37455
117 87 66
5 34 639 236.743 258.71 29 7598 -68.6771 566.592 17 7097 883.899 452.459 88 873 -281.248 308.592 52 9818 -1238.82 1325.79
6.90415 -26.9818 2.90542
204 215 213
4 94 4024 487.327 274.443 27 6163 -93.0798 377.607 25 4726 342.536 261.043 17 7106 -487.553 435.726
6.90952 -27.0223 2.81862
148 171 164
5 94 2841 487.428 265.837 27 6165 -91.0416 365.347 25 3397 343.195 252.843 17 7107 -488.825 421.297 7 8187 1507.6 -913.287
-2.8492 -22.2771 3.05384
124 91 68
11 34 2515 280.282 240.401 29 7609 26.7817 528.608 17 7117 989.955 436.273 54 7727 -943.496 1282.79 53 7508 -943.854 1282.29 50 9061 -1002.11 1217.82 40 8711 -825.961 220.771 39 9121 -825.674 220.521 76 7077 -677.335 273.994 77 7097 -675.348 274.099 82 7328 -338.876 508.432
6.2696 -27.1728 2.76514
169 183 184
4 94 4029 551.085 265.504 27 6816 -10.5767 364.661 17 7121 -395.223 390.592 25 4743 402.71 254.369
3.66782 -22.7624 1.52806
106 90 82
3 34 2547 0.635498 204.113 17 7145 280.775 350.652 30 2350 415.519 -309.597
-1.71652 -24.0207 0.873047
222 194 46
4 34 2742 130.951 82.4678 29 8192 -330.316 173.823 17 7203 659.697 126.09 30 3037 608.923 -258.775
3.23642 -22.8038 0.19833
90 81 98
3 88 5619 -950.093 63.0483 16 6197 -645.167 63.7939 17 7210 340.74 75.3242
3.33922 -23.5116 -0.307834
163 165 133
3 34 3891 -48.4448 -5.6626 16 6480 -808.793 -52.3734 17 7248 232.389 -22.8416
8.07665 -26.7079 2.12951
181 195 198
5 94 4074 374.311 199.755 25 4782 240.33 185.466 17 7581 -691.363 366.545 27 6214 -233.947 272.295 28 4738 -390.351 150.667
3.64128 -22.6832 1.55273
72 54 102
3 34 4414 9.57727 207.19 16 6146 -563.445 360.607 17 7585 297.482 358.734
3.64648 -22.6752 1.54393
74 57 52
3 34 4413 9.57727 207.19 17 7586 297.482 358.734 30 3502 428 -310.403
3.52649 -22.8928 1.31501
81 66 62
3 34 3692 -3.48871 175.997 17 7595 284.748 296.834 30 3077 410.124 -331.403
-2.78541 -22.5921 1.46442
219 203 98
3 34 3743 256.94 124.113 29 8163 -24.1105 260.954 17 7612 932.72 216.541
7.13711 -26.9066 0.961531
65 43 63
3 94 4149 463.525 102.345 25 4849 321.222 94.0723 17 7614 -523.948 165.365
8.24074 -26.4994 0.108968
216 218 219
2 17 7631 -728.89 47.0556 28 6673 -411.524 0.379517
3.27664 -23.1301 0.106055
159 167 136
3 88 5618 -977.627 49.9308 34 4943 -11.1915 38.9285 17 7635 288.682 54.6373
3.27203 -22.9413 -0.0402086
95 84 90
3 88 6152 -965.377 25.7898 34 4959 6.07288 24.6376 17 7644 315.483 29.6696
-2.08617 -23.0574 -0.0161122
217 161 8
2 34 3845 206.955 18.4808 30 3796 722.57 -357.941
-2.08617 -23.0574 -0.0161122
217 161 8
2 34 3846 206.955 18.4808 30 3797 722.57 -357.941
-1.98933 -23.0044 -0.3112
199 154 46
4 34 2937 208.468 -3.95581 29 8497 -153.103 -32.7839 30 3524 724.687 -388.879 17 7660 817.777 -16.1276
-1.98933 -23.0044 -0.3112
199 154 46
4 34 2938 208.468 -3.95581 29 8496 -153.103 -32.7839 30 3525 724.687 -388.879 17 7661 817.777 -16.1276
7.90318 -26.3999 -0.89185
47 34 45
2 94 5013 385.791 -60.8718 17 7677 -663.895 -116.122
-2.68373 -23.0413 3.68
72 57 48
3 34 3628 223.213 279.657 17 7825 854.748 482.324 30 3731 748.248 -7.05725
-2.72696 -22.9746 3.33695
183 144 49
3 34 4400 228.374 255.273 30 3734 757.625 -38.7448 17 7835 867.533 441.795
-2.59277 -23.1424 0.691577
81 33 51
3 34 4488 213.285 67.862 29 8465 -117.43 134.157 17 7867 835.338 108.427
3.29144 -22.9002 0.547712
139 140 122
3 88 6471 -966.897 119.25 34 4926 8.12659 87.6725 17 8067 318.749 141.928
-2.68899 -22.7701 0.848088
220 205 74
3 34 4931 241.269 79.856 29 8733 -56.734 160.661 17 8070 898.391 133.593
3.27596 -22.8671 0.356809
101 90 96
3 88 6747 -961.64 87.8668 34 5232 12.4999 68.2945 17 8071 325.474 106.343
3.25059 -22.8254 0.0988796
140 142 124
3 88 6490 -953.705 48.9566 34 5249 18.7975 39.1667 17 8079 334.639 56.5123
-1.83127 -23.7794 0.240521
230 212 37
3 34 4944 149.006 36.5613 30 3993 639.305 -319.787 17 8080 696.974 52.2339
6.54549 -26.745 2.23015
48 35 74
2 94 5907 523.223 222.736 17 8180 -430.322 342.835
7.75245 -21.5108 -0.712539
169 174 162
3 94 5029 292.936 -70.1169 17 8304 -843.458 -267.308 0 3608 -244.665 -53.2644
-2.68135 -22.6532 4.43579
81 66 51
3 34 5413 248.427 338.808 17 8332 915.709 600.87 88 6880 -271.321 407.545
4.87448 -24.6109 3.07364
186 186 151
3 4 778 -232.406 636.298 99 319 756.335 780.655 1 2730 42.2031 -384.519
4.45708 -24.8548 2.98469
218 218 205
3 4 791 -78.5646 639.837 99 331 937.598 792.738 1 3057 11.7933 -552.978
7.21721 -23.7903 2.98161
90 85 82
3 1 1087 48.1554 422.442 99 455 -41.2333 701.502 9 2258 -549.012 984.228
5.25222 -24.7054 3.20732
192 193 176
3 4 1008 -317.333 533.553 99 572 633.25 670.872 1 2483 -24.8199 -269.522
5.41356 -24.7567 3.26415
203 204 185
3 1 2424 -55.1538 -224.275 4 1082 -350.065 489.466 99 638 585.079 623.638
5.31204 -24.7822 3.24313
194 196 177
4 1 2479 -52.4376 -257.167 4 1081 -320.714 498.616 99 640 620.51 634.207 37 4436 911.907 740.516
5.42246 -24.8991 3.27881
200 203 182
3 1 2419 -96.1093 -234.166 4 1204 -332.462 446.857 99 692 599.763 580.831
4.9601 -25.197 3.16126
231 231 231
4 1 2724 -140.725 -409.315 4 1213 -172.242 439.424 99 698 792.936 582.967 103 4687 982.999 290.726
4.65336 -25.3215 3.0707
229 230 223
3 1 2972 -150.363 -527.188 99 704 922.321 607.534 4 1157 -69.934 457.688
4.67714 -25.3716 3.06536
221 220 217
4 1 2968 -168.644 -526.108 4 1220 -70.001 440.726 99 708 923.951 590.565 103 1750 1235.17 170.107
4.64223 -25.4199 3.04919
235 235 229
3 1 3047 -180.334 -544.67 4 1222 -53.5286 433.454 99 712 945.967 584.348
7.30555 -24.1238 3.10202
102 96 97
3 1 1160 -62.0137 398.688 99 721 -16.9538 566.745 4 1169 -1005.85 439.576
5.252 -25.1336 3.23508
221 220 212
6 1 2543 -148.219 -309.849 4 1259 -258.421 409.167 99 748 686.36 547.487 90 7049 967.783 1070.24 103 4626 727.68 334.565 37 6614 977.124 429.308
4.80939 -25.4578 3.06826
228 229 225
5 1 5817 -208.101 -494.121 4 1271 -97.0286 396.435 99 767 897.575 545.784 90 7261 1320.3 842.147 103 4831 1124.83 111.712
5.32418 -25.1863 3.23616
212 213 194
3 1 2540 -170.414 -294.208 99 808 673.461 522.96 4 1261 -271.687 384.706
4.87435 -25.476 3.07836
185 187 152
3 1 2844 -220.311 -475.419 99 818 877.856 529.334 4 1333 -113.282 381.506
4.64819 -25.6473 2.97753
218 216 188
3 1 3121 -256.395 -579.228 4 3898 -23.9081 373.898 99 825 999.976 529.216
4.95952 -25.5188 3.07596
231 232 226
3 1 2838 -241.657 -453.833 4 1332 -132.527 356.714 99 867 860.674 505.342
4.91989 -25.5525 3.05659
215 217 194
3 1 5777 -249.324 -472.723 4 1334 -117.161 354.535 99 870 882.031 504.272
4.81891 -25.5984 3.02509
217 216 198
3 1 2963 -255.592 -512.72 4 1335 -81.3175 358.943 99 873 927.453 510.592
5.61624 -25.253 3.27503
212 213 203
3 1 2365 -216.281 -214.131 4 1398 -340.559 324.409 99 910 595.148 458.989
5.32456 -25.4694 3.16049
221 222 211
4 1 2584 -257.786 -329.292 99 925 728.759 454.94 4 1471 -240.146 312.714 37 4935 940.388 115.795
7.31446 -24.4968 3.23454
94 91 99
4 1 4831 -168.485 348.775 99 939 32.5405 437.922 4 3943 -919.145 319.285 37 6421 -956.56 745.587
6.95713 -24.6226 3.32173
68 59 67
3 1 1522 -165.392 227.324 4 3918 -781.642 320.048 99 947 143.736 443.446
7.34845 -24.6043 3.24048
86 83 93
3 1 4829 -203.002 347.068 99 981 36.7738 406.913 4 1506 -912.268 280.774
7.30414 -24.6578 3.24805
94 95 107
3 1 4830 -213.227 328.344 4 3977 -891.152 272.004 99 983 56.5439 396.076
7.2837 -24.6868 3.25241
169 179 168
3 1 1373 -219.54 319.204 4 1511 -880.273 265.706 99 985 65.726 391.206
7.05904 -24.6972 3.2989
91 91 102
3 1 1517 -197.111 250.297 4 3951 -805.56 288.4 99 987 127.356 412.424
7.52289 -24.685 3.18144
119 117 113
3 1 1154 -247.361 396.66 99 1020 0.699341 365.157 4 3994 -967.939 241.414
7.31725 -24.7219 3.2362
106 107 120
7 1 1287 -233.727 326.717 4 1566 -889.742 253.535 99 1023 61.8656 377.718 90 7013 -649.888 1072.93 103 4588 -992.509 309.769 37 6506 -907.846 534.643 7 4186 357.34 -14.175
7.21126 -24.8383 3.2484
74 70 71
3 1 4922 -255.982 283.427 99 1029 106.17 360.176 4 5773 -841.612 232.805
7.83067 -24.6895 3.08716
175 180 150
5 1 940 -288.157 500.411 99 1058 -87.7513 331.853 9 2265 -192.214 965.628 90 7082 -1043.71 954.96 7 4400 26.8786 -255.916
7.50934 -24.974 3.13636
106 104 99
4 1 4770 -335.791 368.351 99 1105 44.5626 291.885 4 1652 -938.167 161.94 103 1781 -1062.27 94.0307
7.91485 -24.8319 3.04028
106 106 93
3 1 876 -344.471 518.291 99 1139 -92.8679 282.553 9 106 -141.236 946.365
6.52595 -25.5253 3.32126
150 156 140
3 1 5270 -377.681 18.8751 4 4118 -548.832 128.785 99 1155 379.557 259.037
7.48468 -25.2032 3.07986
186 191 177
4 1 4817 -409.387 343.179 99 1182 84.5875 234.044 4 1755 -915.949 102.153 103 2037 -969.439 -49.8614
7.40168 -25.2332 3.0924
150 161 143
3 1 4875 -407.277 313.917 4 1761 -884.353 103.352 99 1190 113.083 236.411
6.46402 -25.6077 3.32806
122 122 120
3 4 4157 -520.51 114.356 99 1198 406.436 244.245 1 2011 -394.012 -6.54175
6.55228 -25.6887 3.29713
134 142 133
3 4 1820 -538.797 81.5374 99 1224 396.721 213.429 1 1929 -429.556 10.4578
6.78463 -25.6692 3.22182
133 140 139
4 4 1859 -619.094 58.2479 99 1257 339.182 191.305 1 1814 -456.291 79.9642 37 5121 -282.763 -181.206
6.6449 -25.7819 3.26197
192 193 180
4 1 1926 -469.732 27.6323 4 1866 -558.192 44.417 99 1262 388.129 177.552 37 5123 -155.976 -238.375
6.6383 -25.8451 3.25412
180 182 155
3 1 5262 -488.929 19.6971 4 4273 -549.027 28.0074 99 1263 399.052 161.979
6.5896 -25.8302 3.27328
201 202 184
3 1 5264 -475.813 7.63904 4 4230 -534.961 38.2756 99 1264 409.277 170.487
6.35405 -25.9856 3.28948
164 166 146
3 1 2131 -495.189 -74.897 4 1897 -447.433 25.3078 99 1270 491.296 160.111
6.65634 -25.9338 3.23885
208 207 193
7 1 1920 -517.479 16.3287 4 4275 -545.558 1.05072 99 1302 408.851 134.839 90 5229 30.6632 525.188 103 5132 -215.45 -191.915 37 6994 -145.974 -353.991 7 4418 1270.84 -261.302
6.41531 -26.1209 3.26181
140 142 122
3 1 2127 -543.988 -71.3408 4 1963 -450.577 -19.9578 99 1357 496.897 116.148
6.84232 -26.0461 3.1598
128 135 133
7 4 4354 -596.816 -56.0719 99 1390 381.718 80.9133 1 5223 -582.304 60.1213 90 5412 -69.3691 426.637 103 5208 -321.938 -298.565 37 5320 -284.827 -483.612 7 4480 1196.41 -399.538
6.46121 -26.1739 3.25216
186 181 157
3 1 2067 -565.346 -63.6112 99 1393 492.94 95.5701 4 2021 -457.74 -40.5433
6.2797 -26.2757 3.20574
162 166 137
3 1 5430 -584.583 -127.727 4 2031 -399.73 -45.908 99 1400 564.231 93.5313
6.34478 -26.3004 3.20775
166 173 141
